002686
000738
000848
002343
000502
002675
000995
002750
000821
002709
000418
000560
000505
002726
000869
000915
002657
002617
000979
002767
002370
002445
002837
002793
002098
000977
002167
000510
000400
000796
000970
002882
002463
000150
002385
002732
002534
002151
000963
002427
002809
002007
002638
002268
000988
000852
002909
002446
002274
002111
002193
002781
002762
000717
002543
000036
002735
000021
002606
002881
000835
000678
002780
002852
002603
000599
002279
000545
002887
002376
002414
000582
000670
000607
002484
002886
000739
002425
000935
002889
002630
000918
000880
000766
002511
002655
002142
000626
002628
002159
002853
002355
002284
002155
002614
002260
002134
002157
002247
000595
000156
002214
000737
002250
002262
000877
000777
002336
002183
002662
002870
002278
000551
002010
002164
000697
002163
000520
002531
000669
002574
000833
002713
000912
002122
002575
002364
000839
002783
000521
000017
002905
000962
002548
002875
002113
000411
002369
000718
002240
002596
000859
002693
002363
002118
002677
002822
002616
000756
002169
002361
002241
002311
002528
000858
000812
002763
002239
002316
000679
000333
002795
002419
000025
000004
002017
002301
002475
000049
000666
002665
000650
002412
002371
002129
000665
002647
002028
002346
002447
002637
000998
000973
000783
000528
002877
002310
002256
002760
002867
000801
002671
002286
002421
000897
002042
001979
002294
000153
002245
000750
002698
002337
000825
000792
002093
002833
002121
000885
002615
002225
002036
002718
000971
000850
002114
000501
000066
002233
002687
000691
002066
002235
002522
000559
002377
002773
002201
002547
002197
002046
000732
000919
002737
000511
002597
000860
002660
000748
002454
002107
002791
002024
000951
002108
000513
000889
002277
000422
000851
000929
002498
002386
000710
002890
002333
000980
000151
002088
002249
002460
002810
002879
002078
002058
002408
002025
002527
002626
002306
002770
002397
002815
002060
000782
000159
000790
002032
000811
000996
002251
000903
002194
000982
000810
002075
000627
002132
002259
002697
002610
000043
000534
000651
002052
002581
002604
002577
002418
002529
000793
002774
000038
002873
000622
000727
002261
000050
002252
000997
002782
000927
002856
002813
002096
000987
002242
002106
002148
002666
002008
000807
002519
000536
002681
002493
002685
002786
000005
000920
002340
002477
002229
002779
002411
000957
002005
000009
002030
000716
000425
002443
000532
002639
000429
000616
002741
002627
002156
002899
002869
002609
002237
002829
002593
002583
000423
000619
000635
000686
002009
002589
000949
002285
002551
002570
000797
002906
000018
002003
000905
002480
002598
002499
002035
002131
000403
002747
002366
000779
002228
002680
002050
000552
002580
002022
002149
002227
001896
002216
000681
002661
002502
002320
002037
002202
000504
002258
002269
000661
002033
002836
000829
002070
000803
002291
002424
002910
002048
002699
002013
002719
000158
002450
002524
002684
000638
000564
002489
002335
002634
002409
000584
002308
002776
000702
002224
002703
000548
000680
000659
002459
000421
000961
000628
002004
000693
000585
002611
002464
000698
002347
000615
002382
002841
002679
002126
002441
002491
002186
000928
002485
002422
002394
002092
000096
002304
000780
000936
002342
002695
002390
002471
000816
002621
000863
000715
002636
000798
000533
000035
002166
000976
002433
002663
002374
000567
002162
002399
000663
002724
000543
002734
000155
002651
002295
002288
002646
002332
002545
000509
000695
000830
000413
000590
000856
000902
002620
000410
002825
002469
002823
002748
002768
002329
000488
002818
002797
002188
002015
002740
002082
002053
002721
002200
002296
000820
000751
002160
000778
002136
002209
000757
000705
002582
002083
000506
000620
002086
002238
002189
002365
002733
000930
000959
002601
002041
000623
002426
002199
000906
002391
002423
002664
002563
002428
002656
002649
002613
002079
000023
002540
002230
000966
002271
002504
002587
002383
002322
002749
002707
000921
002839
000655
000001
000539
002716
002023
002766
000029
002851
000726
000813
000301
000598
002711
001696
002514
000709
002599
000968
002338
002140
002811
002745
000677
002171
000519
000019
000762
002789
000826
002706
002137
000719
002642
000100
000888
002358
000594
002205
002769
000901
002325
002476
002848
002097
002246
002226
002236
002855
002062
002090
002438
002592
002314
000876
002180
002900
002632
002146
000056
002483
002653
002458
000975
000078
002219
000736
000657
002682
000531
002787
002772
002384
000687
002705
002253
002807
002076
002585
000008
000910
000667
000605
002392
000890
002064
002069
000573
002057
002451
000788
000062
000668
002805
002520
002381
002552
002683
000953
002738
002448
002510
002313
002021
000593
002576
002330
000759
002461
002798
000065
000517
000909
002859
000540
002462
002808
000755
002405
002487
002846
002549
000416
002644
000673
000908
002084
002319
002831
000601
002857
002558
002318
002578
002315
002865
002629
002505
002729
000045
002006
000701
002218
000629
000572
002139
000989
000565
000507
000562
002255
002073
000752
000676
002482
002175
002689
002801
002353
000166
002457
000063
002217
002532
002736
002541
002099
002297
000937
002234
002516
002020
002824
000731
002645
002349
000606
002292
000048
002061
002765
002145
000557
000617
002068
002287
002307
000823
002393
002102
000789
002688
002830
002751
000883
002486
002112
002352
002517
002289
000037
002211
000039
000893
002138
000034
002866
002080
002095
002150
002432
002696
002293
000609
002341
002635
002842
002515
002047
002191
000723
002725
000016
000012
002775
000712
000612
002298
000553
002722
002542
002123
002602
002572
002803
002594
002265
002771
002119
002652
002521
002143
002026
002283
002573
002481
002056
002290
000401
002892
002472
002101
000969
002820
000722
002203
000338
000026
002436
002896
000402
002648
002417
000576
002785
002565
002044
000563
002328
002280
002712
000967
002591
002561
002339
000028
002470
002555
002172
000059
002884
002566
002387
000600
002692
002537
000537
002302
000819
000886
000046
002819
000613
002440
002455
002124
002559
000514
002496
002105
000767
002595
000881
002012
002753
000630
002497
002817
002691
000926
002380
002031
002444
002742
002089
002038
002263
002618
000070
002104
002672
000010
000911
000882
000518
002670
002554
002790
002669
000656
002759
002430
002413
002210
002243
000688
002221
002185
000529
000800
002354
000682
000068
002206
000725
002323
000591
002401
002812
002479
002439
002546
000802
002619
002204
002828
002506
002840
000581
002400
002016
002195
002395
002792
002755
002178
000922
002232
002678
000639
000032
002608
002094
000060
000933
000868
000544
000024
002871
002415
002177
000610
002051
002550
000950
002125
002043
000014
000586
000530
002410
002739
002018
002674
000503
002650
002908
000608
002702
002208
002215
002473
002631
002065
002110
000625
000409
002103
000822
002494
002407
000892
002752
002835
000981
002356
000735
000721
002588
002495
002128
002100
000838
002435
000899
002181
002523
000419
002372
002467
002001
002442
002535
000925
002862
000948
002348
000923
002176
002717
000040
000916
002731
000978
002049
000952
002034
002826
002109
002309
002490
002130
000592
002344
000603
000786
002074
002275
000498
000652
002011
002264
000707
002127
002334
000690
002901
000061
002468
000089
002622
000022
000007
002560
002727
000728
002115
002133
002059
000417
000960
002182
002116
000516
000550
002173
000862
002676
002014
002389
002357
002248
002449
000818
000983
002404
002317
002888
002147
002876
002434
002231
002838
002802
000011
002607
000733
000809
000568
002403
000875
002452
002715
000939
002891
002584
002244
000571
002849
002416
002029
002863
002187
002556
000965
002303
002564
002777
000795
000526
002883
002360
002465
002513
002168
002466
000428
000985
000558
002756
002868
002761
002878
000033
002054
000157
002281
000546
002562
002623
000703
002368
002872
000632
002478
000589
002714
000523
002743
000538
002757
002624
000030
000917
002351
002858
002658
002827
002832
002590
002708
002327
002072
002045
000006
002272
002860
002402
002312
002324
002605
002321
002700
000058
002694
002508
000099
002654
000430
000799
002212
002120
000898
000069
002850
000972
002509
000900
000637
002579
002429
002893
002254
000633
002861
002055
002165
000955
002492
002117
002800
002305
002600
002027
002071
002512
000931
000713
000878
002885
002270
002420
000683
002002
002266
002530
002213
002845
002903
000993
000913
000671
002538
000554
002141
002728
000828
002567
002539
000938
000768
002300
002758
000958
000408
000088
000836
000791
002367
000753
002398
002063
000758
002659
002880
000760
000729
002746
002673
002730
002902
002526
000806
002190
002701
002039
002625
002161
002375
000711
002153
002223
002612
000999
002723
000031
000020
002362
000596
002847
000636
000815
002667
002276
000090
002569
000524
002282
000990
002799
002843
002640
002431
002406
002350
002184
002568
000631
002174
000587
002897
002503
002796
002267
000708
000525
000662
000420
002220
000597
002222
002345
002898
002536
002040
002474
002077
002553
002643
002331
002488
000776
002821
002690
002179
000785
000611
002273
002378
002081
000555
002067
002207
000720
000426
002518
000570
000685
002170
002019
002198
000055
000672
002816
000761
000692
002087
002778
002091
000042
002806
002586
000002
002507
002154
000887
000837
002196
002668
002152
002326
002500
002641
000407
000027
000831
002557
000404
002192
000561
000895
000861
002453
002788
002373
002144
000932
002501
002633
002907
002533
002135
000541
002085
002895
002158
002544
002437
000415
002571
000547
002379
000700
002359
002388
002396
002456
002299
000566