600272
600680
600083
603707
601567
600823
603117
603098
601163
603990
600565
600107
603393
603088
601968
603031
603066
603901
603858
600681
603617
600177
603919
600479
601100
600257
600702
603959
601801
603500
600992
603609
600098
601966
600586
600383
600847
600523
600857
600679
600373
600420
603090
600220
603933
600461
600019
603258
600664
600119
600350
600385
600567
603659
603703
600547
600754
600483
600133
600879
600403
600936
603026
600173
601878
603010
600873
603208
603286
603808
603385
601225
600470
600022
600859
600537
601169
600887
601858
600190
603126
601016
600421
600522
600012
603803
603021
603298
601933
600436
600677
600060
603922
601139
600819
600151
600853
600528
603197
600557
603339
603398
600006
600867
603699
600877
600860
600242
603179
603838
603007
600512
600738
600759
603505
601888
603637
600196
600732
603689
600636
600568
600409
600463
600736
603159
600416
600960
600509
600694
603078
600163
600300
600630
603008
601727
600482
600088
600639
600746
600113
600485
601098
600895
600779
600715
601222
600662
600801
600276
603507
603766
600237
600250
600080
603165
600685
600770
601336
600757
600096
601015
603333
600057
600926
600038
600298
600390
600091
603779
603860
600238
603416
603076
600249
603618
600391
603889
603319
600917
600690
601789
600468
600011
603299
600132
603387
600118
601558
601607
600810
603607
600667
601012
601992
601689
603677
600769
600753
603223
601599
600432
600191
601388
600497
600793
600660
600774
603289
600856
600605
600458
600617
601058
600149
600699
600623
603277
600604
600078
601101
601989
600777
601718
603567
601086
603199
600518
600122
603300
600825
600612
600519
603882
600308
600221
600375
603005
600638
600807
600258
600332
600100
600655
603018
603311
600029
600061
600361
603358
600354
603519
600729
603116
601333
600370
601998
600168
600327
600310
600015
603585
603729
600710
603822
601899
603320
603458
601699
603079
600251
600007
600780
600268
603969
601928
601021
600626
600800
600749
600651
600017
603110
603579
601028
600962
603630
603050
603683
603025
603039
600775
603993
600218
600803
603799
600415
600345
600186
603708
600919
600559
600192
600329
600689
600533
600215
603260
600578
600601
603843
603826
600893
600131
600305
600734
603626
600998
600965
600976
600207
603861
603396
603800
603678
600726
603936
603985
600981
603899
600876
600288
600495
600621
603169
600188
603966
600170
600146
600348
603012
600728
600052
601011
600282
603009
600888
600322
603096
600020
603887
603331
600546
600718
600248
600703
603818
603869
600067
600881
600592
600307
601313
600005
600571
600824
601881
600363
603033
600227
600009
603656
600722
603131
600202
603515
601226
600640
600490
601238
600425
600792
600481
603063
600444
601009
600838
603488
600478
603776
600740
600178
600352
600657
603912
600776
601231
600271
603679
600054
600201
600744
600658
600033
603335
603269
600969
600794
603778
600075
601099
603035
600755
600161
600398
600160
603085
603318
603040
600099
600696
601908
600405
600808
603011
601390
601126
600371
600692
603200
600863
601958
600262
603577
600381
600501
600059
603938
600871
601588
600313
600844
603717
600594
603369
600892
600795
601882
600311
603986
603588
600435
600653
600355
603103
600597
603042
600897
600396
600560
603518
603086
603020
603636
600289
603828
600460
603218
600217
603663
600074
600674
600628
600090
600228
600340
600157
603737
600162
600459
600255
600130
601618
603603
600869
601107
600469
600116
600368
603937
600593
603036
603363
600532
603997
603383
600299
600222
600346
600575
601766
600773
600187
603900
600688
601949
600035
600562
600278
600326
600818
600376
600763
600138
601877
600141
600611
603996
600693
600095
600858
600516
600023
600477
600841
600166
600884
601216
600743
600563
603380
603000
600735
603019
600870
600179
603228
600323
601997
600338
603688
603568
600466
600426
600072
600675
600004
600747
603991
603968
600595
601069
600150
600270
600303
600814
600452
600110
600714
603667
603022
601200
603003
603081
600136
601288
601111
600804
601008
600515
603676
603722
603813
601117
603958
603728
603555
600555
600903
600618
600996
600737
600499
603181
600128
603612
600395
600837
603128
600336
600764
600676
603886
600488
603308
601258
603601
600212
600843
603225
600529
600531
603939
600330
601018
600172
600213
603520
600831
600016
603718
600422
600021
600351
600382
600829
600641
603017
600771
600319
600558
603360
600496
600256
600377
600259
600200
603233
603222
600086
603305
600233
603817
601616
600525
600765
600505
600232
601717
600717
600388
600211
600493
600561
601000
600206
600076
600073
600551
601700
600637
603825
601137
603608
603989
600423
603316
601339
600820
600590
601500
600121
600037
603602
601318
603058
600748
600448
601777
601800
603686
600269
601901
603909
600502
600798
600462
600706
603880
603816
600115
600252
600648
600535
600997
601579
601880
600008
603186
600030
600540
600973
600908
600707
603928
601886
603399
600070
600697
603726
603777
603859
600406
600369
603883
600510
600103
603798
600315
603806
603566
600372
603268
603158
600184
603055
600104
603616
601001
600108
600266
601038
600064
603321
600984
600644
601188
601326
600486
603690
601166
601678
603232
601808
600781
600589
603789
600891
600539
600805
600756
600768
600961
601158
600550
603178
603315
600273
600862
600778
603060
600097
600855
600312
600587
600333
601398
600579
600713
600010
600275
600580
603338
600526
600851
600896
600197
600077
603557
601929
600397
600861
601155
600153
601005
600167
600577
603898
603669
603801
600408
600239
603955
600600
600235
600821
601228
600165
603559
600959
600117
601377
603099
600339
600616
603929
600701
603508
603037
600331
600874
600285
600761
603877
600309
601991
603578
600291
600848
600966
600683
600306
600791
600806
600480
600711
601818
603029
600428
601677
603239
600834
600048
600193
600886
603038
603716
600026
600695
601898
603160
600787
600758
600400
603133
600039
600987
603386
600455
600066
600093
600127
600318
603767
600854
601595
603421
601633
600538
600018
603906
600507
600429
600148
600573
603180
600439
600993
600836
601368
603866
603580
600169
603309
600716
600652
600068
600081
600569
600684
600387
603648
600606
600790
603328
603288
600137
601601
601199
600671
603536
600615
600489
600990
603118
600673
603896
600284
603278
603819
600663
601369
601919
600797
600216
603665
603429
600265
601555
600185
603615
600785
600297
603355
601518
600389
600613
601788
603660
603998
600832
603336
600720
601198
600610
600602
603030
603829
603139
600872
600705
600634
600293
603016
600835
603528
603599
600783
600223
600084
600234
600295
603855
600817
600712
603138
603725
600290
600583
600317
601872
600698
601179
600051
600094
600620
603069
600668
600885
600839
600359
600155
603089
600365
600292
600392
600727
600321
600704
600548
600521
600111
600106
601375
600979
600316
600491
600120
600745
603083
600085
603499
600635
600530
600071
600419
600556
600053
603326
603658
603611
601007
603701
600356
603227
600576
600171
600380
600967
600247
601918
600433
600687
601900
600682
600129
600642
600739
600909
601113
600622
600195
603868
600487
600229
600599
603027
603976
601020
600467
600260
601636
603987
600175
600971
603015
600508
603978
600986
601611
603908
603999
603595
603226
600572
603067
600367
600360
603389
601366
603916
603926
600643
601857
600609
600724
603558
600846
600588
601186
603885
600126
600827
600056
600243
601608
600302
600027
601811
601118
603878
601969
603108
601939
603330
601128
603696
603167
603628
600880
600500
603166
600449
603378
600343
600983
603633
600438
600868
603123
603638
601106
600816
601669
600898
600828
603881
601519
603196
603028
603368
600109
601006
600231
601116
600977
600649
600028
600582
600079
600135
600570
600152
603977
603496
600731
600527
603168
600647
600353
601566
600279
601668
600584
603306
603538
600889
600199
600975
600399
600833
603001
600742
600379
603322
600691
603357
600236
601108
600826
600900
603787
600456
600401
600650
600386
600809
600261
600789
603797
600281
600325
603920
603988
600503
600280
600112
600210
600812
600176
600875
600845
601212
600661
603100
600145
603758
603533
603839
603721
600446
601988
600203
600082
600050
601088
600366
603888
600545
600209
603337
603359
600678
603366
600114
603856
601010
600596
600362
600830
600543
600760
603517
600552
600301
600980
603730
600815
600036
601952
601311
600999
600410
603598
603960
600619
600719
603198
600978
600475
600603
600159
600240
600633
600183
600585
603501
600614
603811
601177
600751
600741
603111
600182
603535
600767
603738
600890
600894
600517
603918
601798
600864
600985
600850
603113
600143
600198
603444
603639
603788
601799
603032
603077
601299
600988
600498
601890
600566
601229
603569
603388
603002
600549
600865
600246
600730
600982
600219
600226
600723
600608
603303
600335
603136
600241
603106
600189
600866
603903
601688
600123
600180
603589
600031
600230
600782
601600
600328
600158
600139
603768
603963
603377
603833
600598
603323
600105
600320
601218
603127
600666
600802
600063
601002
601965
600784
603823
600725
600766
601211
600055
600536
600267
600733
600654
603556
603177
600511
603979
601515
600939
603238
600581
600995
600513
600963
600882
600708
603727
600393
603367
600125
600277
603345
603757
601666
601328
603698
600358
600225
603041
600645
600624
601208
603006
601233
600337
600686
600721
600156
600000
601628
600287
600062
603129
600283
600476
603466
600378
603203
603668
600822
603229
603157
603313
600656
601999
600058
600750
600958
603101
603456
603266
603879
600418
603023
600208
603189
601127
600506
601996
603600
600811
600101
603980
600970
603043
600629
603586
601003
600796
600520
600069
603188
603183
600665
603527
601619
601866
603606
601985
600883
600089
601168